Bakery
1	1200	1480	870		1600	5150	4	1[2]	1[2]	1	1:01:20	5%
2	2160	2665	1565	2880	9270	2	1[4]	1[4]	1	1:52:00	10%
3	3890	4795	2820	5185	16690	2	1[6]	1[7]	2	3:08:00	15%
4	7000	8630	5075	9330	30035	2	1[9]	1[9]	2	5:02:00	20%
5	12595	15535	9135	16795	54060	2	1[12]	1[12]	2	7:53:00	25%

Brickyard
1	440	480	320	50	1290	3	1[0]	1[0]	1	0:47:20	5%
2	790	865	575	90	2320	2	1[1]	1[0]	1	1:31:00	10%
3	1425	1555	1035	160	4175	2	1[2]	1[0]	2	2:36:30	15%
4	2565	2800	1865	290	7520	2	1[4]	1[0]	2	4:14:50	20%
5	4620	5040	3360	525	13545	2	1[7]	1[0]	2	6:42:10	25%

Clay Pit
1	80	40	80	50	250	2	1[0]	1[0]	1	0:03:40	7
2	135	65	135	85	420	1	1[0]	1[0]	1	0:09:10	13
3	225	110	225	140	700	1	1[0]	1[0]	2	0:18:00	21
4	375	185	375	235	1170	1	1[0]	1[0]	2	0:32:10	31
5	620	310	620	390	1940	1	1[0]	1[0]	2	0:54:50	46
6	1040	520	1040	650	3250	2	1[1]	1[0]	3	1:31:10	70
7	1735	870	1735	1085	5425	2	1[3]	1[1]	4	2:29:10	98
8	2900	1450	2900	1810	9060	2	1[4]	1[3]	4	4:02:00	140
9	4840	2420	4840	3025	15125	2	1[6]	1[4]	5	6:30:30	203
10	8080	4040	8080	5050	25250	2	1[9]	1[7]	6	10:28:10	280
11	13500	6750	13500	8435	42185	2	1[11]	1[9]	7	16:48:30	392
12	22540	11270	22540	14090	70440	2	1[14]	1[11]	9	26:56:50	525
13	37645	18820	37645	23525	117635	2	1[16]	1[14]	11	43:10:20	693
14	62865	31430	62865	39290	196450	2	1[19]	1[17]	13	69:07:50	889
15	104985	52490	104985	65615	328075	2	2[14]	1[19]	15	110:39:50	1120
16	175320	87660	175320	109575	547875	3	3[12]	2[15]	18	177:07:00	1400
17	292790	146395	292790	182995	914970	3	4[18]	3[14]	22	283:26:30	1820
18	488955	244480	488955	305600	1527990	3	7[9]	4[19]	27	453:33:40	2240
19	816555	408280	816555	510350	2551740	3	11[12]	7[15]	32	725:45:10	2800
20	1363650	681825	1363650	852280	4261405	3	18[5]	11[18]	38	1161:15:40	3430
21	2277295	1138650	2277295	1423310	7116550	3	29[16]	18[19]	46	1858:04:20	4270

Cropland
1	70	90	70	20	250	0	1[0]	1[0]	1	0:02:30	7
2	115	150	115	35	415	0	1[0]	1[0]	1	0:07:20	13
3	195	250	195	55	695	0	1[0]	1[0]	2	0:15:00	21
4	325	420	325	95	1165	0	1[0]	1[0]	2	0:27:30	31
5	545	700	545	155	1945	0	1[0]	1[0]	2	0:47:10	46
6	910	1170	910	260	3250	1	1[1]	1[0]	3	1:18:50	70
7	1520	1950	1520	435	5425	1	1[3]	1[0]	4	2:09:40	98
8	2535	3260	2535	725	9055	1	1[5]	1[0]	4	3:30:40	140
9	4235	5445	4235	1210	15125	1	1[7]	1[2]	5	5:40:30	203
10	7070	9095	7070	2020	25255	1	1[9]	1[3]	6	9:08:00	280
11	11810	15185	11810	3375	42180	1	1[12]	1[5]	7	14:40:10	392
12	19725	25360	19725	5635	70445	1	1[14]	1[7]	9	23:31:40	525
13	32940	42350	32940	9410	117640	1	1[17]	1[9]	11	37:41:50	693
14	55005	70720	55005	15715	196445	1	1[20]	1[12]	13	60:22:20	889
15	91860	118105	91860	26245	328070	1	2[17]	1[15]	15	96:39:10	1120
16	153405	197240	153405	43830	547880	2	3[16]	1[17]	18	154:41:50	1400
17	256190	329385	256190	73195	914960	2	5[9]	1[20]	22	247:34:20	1820
18	427835	550075	427835	122240	1527985	2	7[0]	2[17]	27	396:10:10	2240
19	714485	918625	714485	204140	2551735	2	12[17]	3[17]	32	633:55:40	2800
20	1193195	1534105	1193195	340915	4261410	2	20[11]	5[13]	38	1014:20:30	3430
21	1992635	2561960	1992635	569325	7116555	2	33[3]	8[9]	46	1623:00:10	4270

Grain Mill
1	500	440	380	1240	2560	3	1[0]	1[2]	1	0:30:40	5%
2	900	790	685	2230	4605	2	1[1]	1[3]	1	1:06:00	10%
3	1620	1425	1230	4020	8295	2	1[2]	1[6]	2	1:59:00	15%
4	2915	2565	2215	7230	14925	2	1[4]	1[8]	2	3:18:30	20%
5	5250	4620	3990	13015	26875	2	1[7]	1[11]	2	5:17:50	25%

Granary
1	80	100	70	20	270	1	1[0]	1[0]	1	0:26:40	1200
2	100	130	90	25	345	1	1[0]	1[0]	1	0:36:00	1700
3	130	165	115	35	445	1	1[0]	1[0]	2	0:46:40	2300
4	170	210	145	40	565	1	1[0]	1[0]	2	0:59:10	3100
5	215	270	190	55	730	1	1[0]	1[0]	2	1:13:40	4000
6	275	345	240	70	930	1	1[0]	1[0]	3	1:30:20	5000
7	350	440	310	90	1190	1	1[0]	1[0]	4	1:49:50	6300
8	450	565	395	115	1525	1	1[0]	1[0]	4	2:12:30	7800
9	575	720	505	145	1945	1	1[0]	1[0]	5	2:38:40	9600
10	740	920	645	185	2490	1	1[1]	1[0]	6	3:09:00	11800
11	945	1180	825	235	3185	2	1[1]	1[0]	7	3:44:10	14400
12	1210	1510	1060	300	4080	2	1[2]	1[0]	9	4:25:10	17600
13	1545	1935	1355	385	5220	2	1[3]	1[0]	11	5:12:30	21400
14	1980	2475	1735	495	6685	2	1[4]	1[0]	13	6:07:30	25900
15	2535	3170	2220	635	8560	2	1[5]	1[0]	15	7:11:20	31300
16	3245	4055	2840	810	10950	2	1[6]	1[1]	18	8:25:20	37900
17	4155	5190	3635	1040	14020	2	1[7]	1[1]	22	9:51:10	45700
18	5315	6645	4650	1330	17940	2	1[8]	1[2]	27	11:30:50	55100
19	6805	8505	5955	1700	22965	2	1[9]	1[2]	32	13:26:20	66400
20	8710	10890	7620	2180	29400	2	1[10]	1[3]	38	15:40:20	80000

Great Granary
1	400	500	350	100	1350	1	1[0]	1[0]	1	1:56:40	3600
2	510	640	450	130	1730	1	1[0]	1[0]	1	2:20:20	5100
3	655	820	575	165	2215	1	1[1]	1[0]	2	2:47:50	6900
4	840	1050	735	210	2835	1	1[1]	1[0]	2	3:19:40	9300
5	1075	1340	940	270	3625	1	1[2]	1[0]	2	3:56:30	12000
6	1375	1720	1205	345	4645	1	1[3]	1[0]	3	4:39:30	15000
7	1760	2200	1540	440	5940	1	1[3]	1[0]	4	5:29:10	18900
8	2250	2815	1970	565	7600	1	1[4]	1[0]	4	6:26:50	23400
9	2880	3605	2520	720	9725	1	1[5]	1[0]	5	7:33:40	28800
10	3690	4610	3230	920	12450	1	1[6]	1[1]	6	8:51:20	35400
11	4720	5905	4130	1180	15935	2	1[7]	1[1]	7	10:21:20	43200
12	6045	7555	5290	1510	20400	2	1[8]	1[2]	9	12:05:40	52800
13	7735	9670	6770	1935	26110	2	1[10]	1[3]	11	14:06:50	64200
14	9905	12380	8665	2475	33425	2	1[11]	1[4]	13	16:27:20	77700
15	12675	15845	11090	3170	42780	2	1[12]	1[5]	15	19:10:10	93900
16	16225	20280	14200	4055	54760	2	1[13]	1[6]	18	22:19:20	113700
17	20770	25960	18175	5190	70095	2	1[15]	1[7]	22	25:58:30	137100
18	26585	33230	23260	6645	89720	2	1[16]	1[8]	27	30:13:00	165300
19	34030	42535	29775	8505	114845	2	1[17]	1[9]	32	35:08:00	199200
20	43555	54445	38110	10890	147000	2	1[18]	1[10]	38	40:50:20	240000

Great Warehouse
1	650	800	450	200	2100	1	1[0]	1[0]	1	2:30:00	3600
2	830	1025	575	255	2685	1	1[1]	1[0]	1	2:59:00	5100
3	1065	1310	735	330	3440	1	1[2]	1[0]	2	3:32:40	6900
4	1365	1680	945	420	4410	1	1[2]	1[0]	2	4:11:40	9300
5	1745	2145	1210	535	5635	1	1[3]	1[0]	2	4:57:00	12000
6	2235	2750	1545	685	7215	1	1[4]	1[0]	3	5:49:30	15000
7	2860	3520	1980	880	9240	1	1[5]	1[1]	4	6:50:20	18900
8	3660	4505	2535	1125	11825	1	1[6]	1[1]	4	8:01:00	23400
9	4685	5765	3245	1440	15135	1	1[7]	1[2]	5	9:23:00	28800
10	5995	7380	4150	1845	19370	1	1[8]	1[3]	6	10:58:00	35400
11	7675	9445	5315	2360	24795	2	1[9]	1[4]	7	12:48:20	43200
12	9825	12090	6800	3020	31735	2	1[11]	1[4]	9	14:56:20	52800
13	12575	15475	8705	3870	40625	2	1[12]	1[5]	11	17:24:40	64200
14	16095	19805	11140	4950	51990	2	1[13]	1[6]	13	20:16:50	77700
15	20600	25355	14260	6340	66555	2	1[14]	1[8]	15	23:36:30	93900
16	26365	32450	18255	8115	85185	2	1[16]	1[9]	18	27:28:10	113700
17	33750	41540	23365	10385	109040	2	1[17]	1[10]	22	31:56:50	137100
18	43200	53170	29910	13290	139570	2	1[18]	1[11]	27	37:08:30	165300
19	55295	68055	38280	17015	178645	2	1[20]	1[12]	32	43:10:00	199200
20	70780	87110	49000	21780	228670	2	2[8]	1[14]	38	50:09:30	240000

Iron Foundry
1	200	450	510	120	1280	6	1[0]	1[0]	1	1:08:00	5%
2	360	810	920	215	2305	3	1[1]	1[0]	1	2:02:00	10%
3	650	1460	1650	390	4150	3	1[2]	1[0]	2	3:23:00	15%
4	1165	2625	2975	700	7465	3	1[4]	1[0]	2	5:24:30	20%
5	2100	4725	5355	1260	13440	3	1[7]	1[2]	2	8:26:50	25%

Iron Mine
1	100	80	30	60	270	3	1[0]	1[0]	1	0:07:30	7
2	165	135	50	100	450	2	1[0]	1[0]	1	0:15:20	13
3	280	225	85	165	755	2	1[0]	1[0]	2	0:27:50	21
4	465	375	140	280	1260	2	1[0]	1[0]	2	0:48:00	31
5	780	620	235	465	2100	2	1[0]	1[0]	2	1:20:00	46
6	1300	1040	390	780	3510	2	1[2]	1[0]	3	2:11:20	70
7	2170	1735	650	1300	5855	2	1[3]	1[2]	4	3:33:30	98
8	3625	2900	1085	2175	9785	2	1[5]	1[3]	4	5:44:50	140
9	6050	4840	1815	3630	16335	2	1[7]	1[5]	5	9:15:10	203
10	10105	8080	3030	6060	27275	2	1[10]	1[7]	6	14:51:40	280
11	16870	13500	5060	10125	45555	3	1[12]	1[10]	7	23:50:00	392
12	28175	22540	8455	16905	76075	3	1[15]	1[12]	9	38:11:10	525
13	47055	37645	14115	28230	127045	3	1[18]	1[15]	11	61:09:20	693
14	78580	62865	23575	47150	212170	3	1[20]	1[18]	13	97:54:10	889
15	131230	104985	39370	78740	354325	3	2[18]	1[20]	15	156:42:00	1120
16	219155	175320	65745	131490	591710	3	3[19]	2[18]	18	250:46:30	1400
17	365985	292790	109795	219590	988160	3	5[18]	3[19]	22	401:17:40	1820
18	611195	488955	183360	366715	1650225	3	8[18]	5[18]	27	642:07:40	2240
19	1020695	816555	306210	612420	2755880	3	13[19]	8[18]	32	1027:27:30	2800
20	1704565	1363650	511370	1022740	4602325	3	22[14]	13[19]	38	1643:59:30	3430

Sawmill
1	520	380	290	90	1280	4	1[0]	1[0]	1	0:50:00	5%
2	935	685	520	160	2300	2	1[1]	1[0]	1	1:35:00	10%
3	1685	1230	940	290	4145	2	1[2]	1[0]	2	2:42:30	15%
4	3035	2215	1690	525	7465	2	1[4]	1[0]	2	4:23:50	20%
5	5460	3990	3045	945	13440	2	1[7]	1[1]	2	6:55:40	25%

Warehouse
1	130	160	90	40	420	1	1[0]	1[0]	1	0:33:20	1200
2	165	205	115	50	535	1	1[0]	1[0]	1	0:43:40	1700
3	215	260	145	65	685	1	1[0]	1[0]	2	0:55:40	2300
4	275	335	190	85	885	1	1[0]	1[0]	2	1:09:30	3100
5	350	430	240	105	1125	1	1[0]	1[0]	2	1:25:40	4000
6	445	550	310	135	1440	1	1[0]	1[0]	3	1:44:20	5000
7	570	705	395	175	1845	1	1[0]	1[0]	4	2:06:10	6300
8	730	900	505	225	2360	1	1[1]	1[0]	4	2:31:20	7800
9	935	1155	650	290	3030	1	1[1]	1[0]	5	3:00:30	9600
10	1200	1475	830	370	3875	1	1[2]	1[0]	6	3:34:20	11800
11	1535	1890	1065	470	4960	2	1[3]	1[0]	7	4:13:40	14400
12	1965	2420	1360	605	6350	2	1[4]	1[0]	9	4:59:10	17600
13	2515	3095	1740	775	8125	2	1[4]	1[0]	11	5:52:10	21400
14	3220	3960	2230	990	10400	2	1[5]	1[1]	13	6:53:30	25900
15	4120	5070	2850	1270	13310	2	1[7]	1[2]	15	8:04:40	31300
16	5275	6490	3650	1625	17040	2	1[8]	1[2]	18	9:27:10	37900
17	6750	8310	4675	2075	21810	2	1[9]	1[3]	22	11:02:50	45700
18	8640	10635	5980	2660	27915	2	1[10]	1[4]	27	12:54:00	55100
19	11060	13610	7655	3405	35730	2	1[11]	1[5]	32	15:02:50	66400
20	14155	17420	9800	4355	45730	2	1[12]	1[6]	38	17:32:10	80000

Waterworks
1	910	945	910	340	3105	1	1[1]	1[0]	2	0:33:20	5%
2	1190	1240	1190	445	4065	1	1[2]	1[0]	3	0:43:40	10%
3	1560	1620	1560	585	5325	1	1[2]	1[0]	3	0:55:40	15%
4	2045	2125	2045	765	6980	1	1[3]	1[0]	4	1:09:30	20%
5	2680	2785	2680	1000	9145	1	1[4]	1[1]	5	1:25:40	25%
6	3510	3645	3510	1310	11975	1	1[5]	1[2]	6	1:44:20	30%
7	4600	4775	4600	1720	15695	1	1[6]	1[3]	7	2:06:10	35%
8	6025	6255	6025	2250	20555	1	1[7]	1[3]	9	2:31:20	40%
9	7890	8195	7890	2950	26925	1	1[9]	1[4]	10	3:00:30	45%
10	10340	10735	10340	3865	35280	1	1[10]	1[5]	12	3:34:20	50%
11	13545	14065	13545	5060	46215	2	1[11]	1[7]	15	4:13:40	55%
12	17745	18425	17745	6630	60545	2	1[13]	1[8]	18	4:59:10	60%
13	23245	24135	23245	8685	79310	2	1[14]	1[9]	21	5:52:10	65%
14	30450	31620	30450	11375	103895	2	1[16]	1[10]	26	6:53:30	70%
15	39890	41420	39890	14905	136105	2	1[17]	1[12]	31	8:04:40	75%
16	52255	54265	52255	19525	178300	2	1[18]	1[13]	37	9:27:10	80%
17	68450	71085	68450	25575	233560	2	1[20]	1[14]	44	11:02:50	85%
18	89670	93120	89670	33505	305965	2	2[11]	1[16]	53	12:54:00	90%
19	117470	121985	117470	43890	400815	2	2[17]	1[17]	64	15:02:50	95%
20	153885	159805	153885	57495	525070	2	2[0]	1[19]	77	17:32:10	100%

Woodcutter
1	40	100	50	60	250	2	1[0]	1[0]	1	0:04:20	7
2	65	165	85	100	415	1	1[0]	1[0]	1	0:10:20	13
3	110	280	140	165	695	1	1[0]	1[0]	2	0:19:50	21
4	185	465	235	280	1165	1	1[0]	1[0]	2	0:35:00	31
5	310	780	390	465	1945	1	1[0]	1[0]	2	0:59:20	46
6	520	1300	650	780	3250	2	1[2]	1[0]	3	1:38:10	70
7	870	2170	1085	1300	5425	2	1[3]	1[2]	4	2:40:20	98
8	1450	3625	1810	2175	9060	2	1[5]	1[3]	4	4:19:50	140
9	2420	6050	3025	3630	15125	2	1[7]	1[5]	5	6:59:10	203
10	4040	10105	5050	6060	25255	2	1[10]	1[7]	6	11:14:00	280
11	6750	16870	8435	10125	42180	2	1[12]	1[10]	7	18:01:40	392
12	11270	28175	14090	16905	70440	2	1[15]	1[12]	9	28:54:10	525
13	18820	47055	23525	28230	117630	2	1[18]	1[15]	11	46:18:00	693
14	31430	78580	39290	47150	196450	2	1[20]	1[18]	13	74:08:00	889
15	52490	131230	65615	78740	328075	2	2[18]	1[20]	15	118:40:10	1120
16	87660	219155	109575	131490	547880	3	3[19]	2[18]	18	189:55:30	1400
17	146395	365985	182995	219590	914965	3	5[18]	3[19]	22	303:56:10	1820
18	244480	611195	305600	366715	1527990	3	8[18]	5[18]	27	486:21:20	2240
19	408280	1020695	510350	612420	2551745	3	13[19]	8[18]	32	778:13:20	2800
20	681825	1704565	852280	1022740	4261410	3	22[14]	13[19]	38	1245:12:50	3430

Academy
1	220	160	90	40	510	4	1[0]	1[0]	5	0:33:20	
2	280	205	115	50	650	2	1[0]	1[0]	6	0:43:40	
3	360	260	145	65	830	2	1[0]	1[0]	7	0:55:40	
4	460	335	190	85	1070	2	1[0]	1[0]	8	1:09:30	
5	590	430	240	105	1365	2	1[0]	1[0]	10	1:25:40	
6	755	550	310	135	1750	3	1[0]	1[0]	12	1:44:20	
7	970	705	395	175	2245	3	1[1]	1[0]	14	2:06:10	
8	1240	900	505	225	2870	3	1[2]	1[0]	17	2:31:20	
9	1585	1155	650	290	3680	3	1[2]	1[0]	21	3:00:30	
10	2030	1475	830	370	4705	3	1[3]	1[0]	25	3:34:20	
11	2595	1890	1065	470	6020	3	1[4]	1[0]	30	4:13:40	
12	3325	2420	1360	605	7710	3	1[5]	1[0]	36	4:59:10	
13	4255	3095	1740	775	9865	3	1[6]	1[0]	43	5:52:10	
14	5445	3960	2230	990	12625	3	1[7]	1[1]	51	6:53:30	
15	6970	5070	2850	1270	16160	3	1[8]	1[2]	62	8:04:40	
16	8925	6490	3650	1625	20690	4	1[9]	1[2]	74	9:27:10	
17	11425	8310	4675	2075	26485	4	1[10]	1[3]	89	11:02:50	
18	14620	10635	5980	2660	33895	4	1[12]	1[4]	106	12:54:00	
19	18715	13610	7655	3405	43385	4	1[13]	1[5]	128	15:02:50	
20	23955	17420	9800	4355	55530	4	1[14]	1[6]	153	17:32:10

Smithy
1	180	250	500	160	1090	4	1[0]	1[0]	2	0:33:20	1
2	230	320	640	205	1395	2	1[0]	1[0]	3	0:43:40	2
3	295	410	820	260	1785	2	1[1]	1[0]	3	0:55:40	3
4	375	525	1050	335	2285	2	1[1]	1[0]	4	1:09:30	4
5	485	670	1340	430	2925	2	1[2]	1[0]	5	1:25:40	5
6	620	860	1720	550	3750	3	1[3]	1[0]	6	1:44:20	6
7	790	1100	2200	705	4795	3	1[3]	1[0]	7	2:06:10	7
8	1015	1405	2815	900	6135	3	1[4]	1[1]	9	2:31:20	8
9	1295	1800	3605	1155	7855	3	1[5]	1[1]	10	3:00:30	9
10	1660	2305	4610	1475	10050	3	1[6]	1[2]	12	3:34:20	10
11	2125	2950	5905	1890	12870	3	1[7]	1[3]	15	4:13:40	11
12	2720	3780	7555	2420	16475	3	1[8]	1[4]	18	4:59:10	12
13	3480	4835	9670	3095	21080	3	1[10]	1[4]	21	5:52:10	13
14	4455	6190	12380	3960	26985	3	1[11]	1[5]	26	6:53:30	14
15	5705	7925	15845	5070	34545	3	1[12]	1[7]	31	8:04:40	15
16	7300	10140	20280	6490	44210	4	1[13]	1[8]	37	9:27:10	16
17	9345	12980	25960	8310	56595	4	1[15]	1[9]	44	11:02:50	17
18	11965	16615	33230	10635	72445	4	1[16]	1[10]	53	12:54:00	18
19	15315	21270	42535	13610	92730	4	1[17]	1[11]	64	15:02:50	19
20	19600	27225	54445	17420	118690	4	1[18]	1[12]	77	17:32:10	20

Barracks
1	210	140	260	120	730	4	1[0]	1[0]	1	0:33:20	1.0x
2	270	180	335	155	940	2	1[0]	1[0]	1	0:43:40	1.1x
3	345	230	425	195	1195	2	1[0]	1[0]	2	0:55:40	1.2x
4	440	295	545	250	1530	2	1[0]	1[0]	2	1:09:30	1.4x
5	565	375	700	320	1960	2	1[0]	1[0]	2	1:25:40	1.5x
6	720	480	895	410	2505	3	1[1]	1[0]	3	1:44:20	1.7x
7	925	615	1145	530	3215	3	1[1]	1[0]	4	2:06:10	1.9x
8	1180	790	1465	675	4110	3	1[2]	1[0]	4	2:31:20	2.1x
9	1515	1010	1875	865	5265	3	1[3]	1[1]	5	3:00:30	2.3x
10	1935	1290	2400	1105	6730	3	1[4]	1[1]	6	3:34:20	2.6x
11	2480	1655	3070	1415	8620	3	1[4]	1[2]	7	4:13:40	2.9x
12	3175	2115	3930	1815	11035	3	1[5]	1[3]	9	4:59:10	3.2x
13	4060	2710	5030	2320	14120	3	1[7]	1[4]	11	5:52:10	3.5x
14	5200	3465	6435	2970	18070	3	1[8]	1[4]	13	6:53:30	3.9x
15	6655	4435	8240	3805	23135	3	1[9]	1[5]	15	8:04:40	4.4x
16	8520	5680	10545	4870	29615	4	1[10]	1[6]	18	9:27:10	4.9x
17	10905	7270	13500	6230	37905	4	1[11]	1[7]	22	11:02:50	5.4x
18	13955	9305	17280	7975	48515	4	1[12]	1[9]	27	12:54:00	6.0x
19	17865	11910	22120	10210	62105	4	1[14]	1[10]	32	15:02:50	6.7x
20	22865	15245	28310	13065	79485	4	1[15]	1[11]	38	17:32:10	7.4x

City Wall
1	70	90	170	70	400	0	1[0]	1[0]	1	0:33:20	+10, +3.0%
2	90	115	220	90	515	0	1[0]	1[0]	1	0:43:40	+20, +6.1%
3	115	145	280	115	655	0	1[0]	1[0]	2	0:55:40	+30, +9.3%
4	145	190	355	145	835	0	1[0]	1[0]	2	1:09:30	+40, +12.6%
5	190	240	455	190	1075	0	1[0]	1[0]	2	1:25:40	+50, +15.9%
6	240	310	585	240	1375	1	1[0]	1[0]	3	1:44:20	+60, +19.4%
7	310	395	750	310	1765	1	1[0]	1[0]	4	2:06:10	+70, +23.0%
8	395	505	955	395	2250	1	1[1]	1[0]	4	2:31:20	+80, +26.7%
9	505	650	1225	505	2885	1	1[2]	1[0]	5	3:00:30	+90, +30.5%
10	645	830	1570	645	3690	1	1[2]	1[0]	6	3:34:20	+100, +34.4%
11	825	1065	2005	825	4720	1	1[3]	1[1]	7	4:13:40	+110, +38.4%
12	1060	1360	2570	1060	6050	1	1[4]	1[1]	9	4:59:10	+120, +42.6%
13	1355	1740	3290	1355	7740	1	1[5]	1[2]	11	5:52:10	+130, +46.9%
14	1735	2230	4210	1735	9910	1	1[6]	1[3]	13	6:53:30	+140, +51.3%
15	2220	2850	5390	2220	12680	1	1[7]	1[3]	15	8:04:40	+150, +55.8%
16	2840	3650	6895	2840	16225	2	1[8]	1[4]	18	9:27:10	+160, +60.5%
17	3635	4675	8825	3635	20770	2	1[9]	1[5]	22	11:02:50	+170, +65.3%
18	4650	5980	11300	4650	26580	2	1[10]	1[6]	27	12:54:00	+180, +70.2%
19	5955	7655	14460	5955	34025	2	1[12]	1[7]	32	15:02:50	+190, +75.4%
20	7620	9800	18510	7620	43550	2	1[13]	1[8]	38	17:32:10	+200, +80.6%

Earth Wall
1	120	200	0	80	400	0	1[0]	1[0]	1	0:33:20	+6, +2.0%
2	155	255	0	100	510	0	1[0]	1[0]	1	0:43:40	+12, +4.0%
3	195	330	0	130	655	0	1[0]	1[0]	2	0:55:40	+18, +6.1%
4	250	420	0	170	840	0	1[0]	1[0]	2	1:09:30	+24, +8.2%
5	320	535	0	215	1070	0	1[0]	1[0]	2	1:25:40	+30, +10.4%
6	410	685	0	275	1370	1	1[0]	1[0]	3	1:44:20	+36, +12.6%
7	530	880	0	350	1760	1	1[1]	1[0]	4	2:06:10	+42, +14.9%
8	675	1125	0	450	2250	1	1[1]	1[0]	4	2:31:20	+48, +17.2%
9	865	1440	0	575	2880	1	1[2]	1[0]	5	3:00:30	+54, +19.5%
10	1105	1845	0	740	3690	1	1[3]	1[0]	6	3:34:20	+60, +21.9%
11	1415	2360	0	945	4720	1	1[4]	1[1]	7	4:13:40	+66, +24.3%
12	1815	3020	0	1210	6045	1	1[4]	1[2]	9	4:59:10	+72, +26.8%
13	2320	3870	0	1545	7735	1	1[5]	1[2]	11	5:52:10	+78, +29.4%
14	2970	4950	0	1980	9900	1	1[6]	1[3]	13	6:53:30	+84, +31.9%
15	3805	6340	0	2535	12680	1	1[8]	1[4]	15	8:04:40	+90, +34.6%
16	4870	8115	0	3245	16230	2	1[9]	1[5]	18	9:27:10	+96, +37.3%
17	6230	10385	0	4155	20770	2	1[10]	1[6]	22	11:02:50	+102, +40.0%
18	7975	13290	0	5315	26580	2	1[11]	1[7]	27	12:54:00	+108, +42.8%
19	10210	17015	0	6805	34030	2	1[12]	1[8]	32	15:02:50	+114, +45.7%
20	13065	21780	0	8710	43555	2	1[14]	1[9]	38	17:32:10	+120, +48.6%

Great Barracks
1	630	420	780	360	2190	4	1[0]	1[0]	1	0:33:20	1.0x
2	805	540	1000	460	2805	2	1[1]	1[0]	1	0:43:40	1.1x
3	1030	690	1280	590	3590	2	1[2]	1[0]	2	0:55:40	1.2x
4	1320	880	1635	755	4590	2	1[2]	1[0]	2	1:09:30	1.4x
5	1690	1125	2095	965	5875	2	1[3]	1[1]	2	1:25:40	1.5x
6	2165	1445	2680	1235	7525	3	1[4]	1[2]	3	1:44:20	1.7x
7	2770	1845	3430	1585	9630	3	1[5]	1[2]	4	2:06:10	1.9x
8	3545	2365	4390	2025	12325	3	1[6]	1[3]	4	2:31:20	2.1x
9	4540	3025	5620	2595	15780	3	1[7]	1[4]	5	3:00:30	2.3x
10	5810	3875	7195	3320	20200	3	1[8]	1[5]	6	3:34:20	2.6x
11	7440	4960	9210	4250	25860	3	1[9]	1[6]	7	4:13:40	2.9x
12	9520	6345	11785	5440	33090	3	1[10]	1[7]	9	4:59:10	3.2x
13	12185	8125	15085	6965	42360	3	1[12]	1[8]	11	5:52:10	3.5x
14	15600	10400	19310	8915	54225	3	1[13]	1[9]	13	6:53:30	3.9x
15	19965	13310	24720	11410	69405	3	1[14]	1[10]	15	8:04:40	4.4x
16	25555	17035	31640	14605	88835	4	1[16]	1[12]	18	9:27:10	4.9x
17	32710	21810	40500	18690	113710	4	1[17]	1[13]	22	11:02:50	5.4x
18	41870	27915	51840	23925	145550	4	1[18]	1[14]	27	12:54:00	6.0x
19	53595	35730	66355	30625	186305	4	1[19]	1[15]	32	15:02:50	6.7x
20	68600	45735	84935	39200	238470	4	2[6]	1[17]	38	17:32:10	7.4x

Great Stable
1	780	420	660	300	2160	5	1[0]	1[0]	2	0:36:40	1.0x
2	1000	540	845	385	2770	3	1[1]	1[0]	3	0:47:30	1.1x
3	1280	690	1080	490	3540	3	1[2]	1[0]	3	1:00:10	1.2x
4	1635	880	1385	630	4530	3	1[2]	1[0]	4	1:14:50	1.4x
5	2095	1125	1770	805	5795	3	1[3]	1[1]	5	1:31:40	1.5x
6	2680	1445	2270	1030	7425	3	1[4]	1[1]	6	1:51:20	1.7x
7	3430	1845	2905	1320	9500	3	1[5]	1[2]	7	2:14:10	1.9x
8	4390	2365	3715	1690	12160	3	1[6]	1[2]	9	2:40:40	2.1x
9	5620	3025	4755	2160	15560	3	1[7]	1[3]	10	3:11:20	2.3x
10	7195	3875	6085	2765	19920	3	1[8]	1[4]	12	3:47:00	2.6x
11	9210	4960	7790	3540	25500	4	1[9]	1[5]	15	4:28:20	2.9x
12	11785	6345	9975	4535	32640	4	1[10]	1[6]	18	5:16:20	3.2x
13	15085	8125	12765	5805	41780	4	1[12]	1[7]	21	6:11:50	3.5x
14	19310	10400	16340	7430	53480	4	1[13]	1[8]	26	7:16:20	3.9x
15	24720	13310	20915	9505	68450	4	1[14]	1[9]	31	8:31:10	4.4x
16	31640	17035	26775	12170	87620	4	1[16]	1[11]	37	9:58:00	4.9x
17	40500	21810	34270	15575	112155	4	1[17]	1[12]	44	11:38:40	5.4x
18	51840	27915	43865	19940	143560	4	1[18]	1[13]	53	13:35:30	6.0x
19	66355	35730	56145	25520	183750	4	1[19]	1[14]	64	15:51:00	6.7x
20	84935	45735	71870	32665	235205	4	2[6]	1[16]	77	18:28:10	7.4x

Hero's Mansion
1	700	670	700	240	2310	2	1[0]	1[0]	1	0:38:20	0
2	930	890	930	320	3070	1	1[1]	1[0]	1	0:44:30	0
3	1240	1185	1240	425	4090	1	1[2]	1[0]	2	0:51:30	0
4	1645	1575	1645	565	5430	1	1[2]	1[0]	2	0:59:50	0
5	2190	2095	2190	750	7225	1	1[3]	1[0]	2	1:09:20	0
6	2915	2790	2915	1000	9620	2	1[4]	1[1]	3	1:20:30	0
7	3875	3710	3875	1330	12790	2	1[5]	1[2]	4	1:33:20	0
8	5155	4930	5155	1765	17005	2	1[7]	1[3]	4	1:48:20	0
9	6855	6560	6855	2350	22620	2	1[8]	1[4]	5	2:05:40	0
10	9115	8725	9115	3125	30080	2	1[9]	1[5]	6	2:25:50	1
11	12125	11605	12125	4155	40010	2	1[11]	1[6]	7	2:49:10	1
12	16125	15435	16125	5530	53215	2	1[12]	1[7]	9	3:16:10	1
13	21445	20525	21445	7350	70765	2	1[14]	1[8]	11	3:47:30	1
14	28520	27300	28520	9780	94120	2	1[15]	1[10]	13	4:24:00	1
15	37935	36310	37935	13005	125185	2	1[17]	1[11]	15	5:06:10	2
16	50450	48290	50450	17300	166490	3	1[18]	1[12]	18	5:55:10	2
17	67100	64225	67100	23005	221430	3	1[20]	1[14]	22	6:52:00	2
18	89245	85420	89245	30600	294510	3	2[9]	1[15]	27	7:58:00	2
19	118695	113605	118695	40695	391690	3	2[17]	1[17]	32	9:14:20	2
20	157865	151095	157865	54125	520950	3	2[0]	1[18]	38	10:43:10	3

Makeshift Wall
1	50	80	40	30	200	0	1[0]	1[0]	1	0:33:20	+6, +1.5%
2	65	100	50	40	255	0	1[0]	1[0]	1	0:43:40	+12, +3.0%
3	80	130	65	50	325	0	1[0]	1[0]	2	0:55:40	+18, +4.6%
4	105	170	85	65	425	0	1[0]	1[0]	2	1:09:30	+24, +6.1%
5	135	215	105	80	535	0	1[0]	1[0]	2	1:25:40	+30, +7.7%
6	170	275	135	105	685	1	1[0]	1[0]	3	1:44:20	+36, +9.3%
7	220	350	175	130	875	1	1[0]	1[0]	4	2:06:10	+42, +11.0%
8	280	450	225	170	1125	1	1[0]	1[0]	4	2:31:20	+48, +12.6%
9	360	575	290	215	1440	1	1[0]	1[0]	5	3:00:30	+54, +14.3%
10	460	740	370	275	1845	1	1[0]	1[0]	6	3:34:20	+60, +16.1%
11	590	945	470	355	2360	1	1[1]	1[0]	7	4:13:40	+66, +17.8%
12	755	1210	605	455	3025	1	1[2]	1[0]	9	4:59:10	+72, +19.6%
13	965	1545	775	580	3865	1	1[2]	1[0]	11	5:52:10	+78, +21.4%
14	1240	1980	990	745	4955	1	1[3]	1[0]	13	6:53:30	+84, +23.2%
15	1585	2535	1270	950	6340	1	1[4]	1[1]	15	8:04:40	+90, +25.0%
16	2030	3245	1625	1215	8115	2	1[5]	1[2]	18	9:27:10	+96, +26.9%
17	2595	4155	2075	1560	10385	2	1[6]	1[2]	22	11:02:50	+102, +28.8%
18	3325	5315	2660	1995	13295	2	1[7]	1[3]	27	12:54:00	+108, +30.7%
19	4255	6805	3405	2550	17015	2	1[8]	1[4]	32	15:02:50	+114, +32.7%
20	5445	8710	4355	3265	21775	2	1[9]	1[5]	38	17:32:10	+120, +34.7%

Palisade
1	160	100	80	60	400	0	1[0]	1[0]	1	0:33:20	+8, +2.5%
2	205	130	100	75	510	0	1[0]	1[0]	1	0:43:40	+16, +5.1%
3	260	165	130	100	655	0	1[0]	1[0]	2	0:55:40	+24, +7.7%
4	335	210	170	125	840	0	1[0]	1[0]	2	1:09:30	+32, +10.4%
5	430	270	215	160	1075	0	1[0]	1[0]	2	1:25:40	+40, +13.1%
6	550	345	275	205	1375	1	1[0]	1[0]	3	1:44:20	+48, +16.0%
7	705	440	350	265	1760	1	1[0]	1[0]	4	2:06:10	+56, +18.9%
8	900	565	450	340	2255	1	1[1]	1[0]	4	2:31:20	+64, +21.8%
9	1155	720	575	430	2880	1	1[1]	1[0]	5	3:00:30	+72, +24.9%
10	1475	920	740	555	3690	1	1[2]	1[0]	6	3:34:20	+80, +28.0%
11	1890	1180	945	710	4725	1	1[3]	1[0]	7	4:13:40	+88, +31.2%
12	2420	1510	1210	905	6045	1	1[4]	1[1]	9	4:59:10	+96, +34.5%
13	3095	1935	1545	1160	7735	1	1[4]	1[1]	11	5:52:10	+104, +37.9%
14	3960	2475	1980	1485	9900	1	1[5]	1[2]	13	6:53:30	+112, +41.3%
15	5070	3170	2535	1900	12675	1	1[7]	1[3]	15	8:04:40	+120, +44.8%
16	6490	4055	3245	2435	16225	2	1[8]	1[4]	18	9:27:10	+128, +48.5%
17	8310	5190	4155	3115	20770	2	1[9]	1[5]	22	11:02:50	+136, +52.2%
18	10635	6645	5315	3990	26585	2	1[10]	1[5]	27	12:54:00	+144, +56.0%
19	13610	8505	6805	5105	34025	2	1[11]	1[7]	32	15:02:50	+152, +59.9%
20	17420	10890	8710	6535	43555	2	1[12]	1[8]	38	17:32:10	+160, +63.9%

Rally Point
1	110	160	90	70	430	1	1[0]	1[0]	1	0:33:20	1
2	140	205	115	90	550	1	1[0]	1[0]	1	0:43:40	2
3	180	260	145	115	700	1	1[0]	1[0]	2	0:55:40	3
4	230	335	190	145	900	1	1[0]	1[0]	2	1:09:30	4
5	295	430	240	190	1155	1	1[0]	1[0]	2	1:25:40	5
6	380	550	310	240	1480	1	1[0]	1[0]	3	1:44:20	6
7	485	705	395	310	1895	1	1[0]	1[0]	4	2:06:10	7
8	620	900	505	395	2420	1	1[1]	1[0]	4	2:31:20	8
9	795	1155	650	505	3105	1	1[1]	1[0]	5	3:00:30	9
10	1015	1475	830	645	3965	1	1[2]	1[0]	6	3:34:20	10
11	1300	1890	1065	825	5080	2	1[3]	1[1]	7	4:13:40	11
12	1660	2420	1360	1060	6500	2	1[4]	1[1]	9	4:59:10	12
13	2130	3095	1740	1355	8320	2	1[4]	1[2]	11	5:52:10	13
14	2725	3960	2230	1735	10650	2	1[5]	1[3]	13	6:53:30	14
15	3485	5070	2850	2220	13625	2	1[7]	1[3]	15	8:04:40	15
16	4460	6490	3650	2840	17440	2	1[8]	1[4]	18	9:27:10	16
17	5710	8310	4675	3635	22330	2	1[9]	1[5]	22	11:02:50	17
18	7310	10635	5980	4650	28575	2	1[10]	1[6]	27	12:54:00	18
19	9360	13610	7655	5955	36580	2	1[11]	1[7]	32	15:02:50	19
20	11980	17420	9800	7620	46820	2	1[12]	1[8]	38	17:32:10	20

Stable
1	260	140	220	100	720	5	1[0]	1[0]	2	0:36:40	1.0x
2	335	180	280	130	925	3	1[0]	1[0]	3	0:47:30	1.1x
3	425	230	360	165	1180	3	1[0]	1[0]	3	1:00:10	1.2x
4	545	295	460	210	1510	3	1[0]	1[0]	4	1:14:50	1.4x
5	700	375	590	270	1935	3	1[0]	1[0]	5	1:31:40	1.5x
6	895	480	755	345	2475	3	1[1]	1[0]	6	1:51:20	1.7x
7	1145	615	970	440	3170	3	1[1]	1[0]	7	2:14:10	1.9x
8	1465	790	1240	565	4060	3	1[2]	1[0]	9	2:40:40	2.1x
9	1875	1010	1585	720	5190	3	1[3]	1[0]	10	3:11:20	2.3x
10	2400	1290	2030	920	6640	3	1[4]	1[1]	12	3:47:00	2.6x
11	3070	1655	2595	1180	8500	4	1[4]	1[1]	15	4:28:20	2.9x
12	3930	2115	3325	1510	10880	4	1[5]	1[2]	18	5:16:20	3.2x
13	5030	2710	4255	1935	13930	4	1[7]	1[3]	21	6:11:50	3.5x
14	6435	3465	5445	2475	17820	4	1[8]	1[4]	26	7:16:20	3.9x
15	8240	4435	6970	3170	22815	4	1[9]	1[5]	31	8:31:10	4.4x
16	10545	5680	8925	4055	29205	4	1[10]	1[6]	37	9:58:00	4.9x
17	13500	7270	11425	5190	37385	4	1[11]	1[7]	44	11:38:40	5.4x
18	17280	9305	14620	6645	47850	4	1[12]	1[8]	53	13:35:30	6.0x
19	22120	11910	18715	8505	61250	4	1[14]	1[9]	64	15:51:00	6.7x
20	28310	15245	23955	10890	78400	4	1[15]	1[10]	77	18:28:10	7.4x

Stone Wall
1	110	160	70	60	400	0	1[0]	1[0]	1	0:33:20	+8, +2.5%
2	140	205	90	75	510	0	1[0]	1[0]	1	0:43:40	+16, +5.1%
3	180	260	115	100	655	0	1[0]	1[0]	2	0:55:40	+24, +7.7%
4	230	335	145	125	835	0	1[0]	1[0]	2	1:09:30	+32, +10.4%
5	295	430	190	160	1075	0	1[0]	1[0]	2	1:25:40	+40, +13.1%
6	380	550	240	205	1375	1	1[0]	1[0]	3	1:44:20	+48, +16.0%
7	485	705	310	265	1765	1	1[0]	1[0]	4	2:06:10	+56, +18.9%
8	620	900	395	340	2255	1	1[1]	1[0]	4	2:31:20	+64, +21.8%
9	795	1155	505	430	2885	1	1[1]	1[0]	5	3:00:30	+72, +24.9%
10	1015	1475	645	555	3690	1	1[2]	1[0]	6	3:34:20	+80, +28.0%
11	1300	1890	825	710	4725	1	1[3]	1[0]	7	4:13:40	+88, +31.2%
12	1660	2420	1060	905	6045	1	1[4]	1[1]	9	4:59:10	+96, +34.5%
13	2130	3095	1355	1160	7740	1	1[4]	1[1]	11	5:52:10	+104, +37.9%
14	2725	3960	1735	1485	9905	1	1[5]	1[2]	13	6:53:30	+112, +41.3%
15	3485	5070	2220	1900	12675	1	1[7]	1[3]	15	8:04:40	+120, +44.8%
16	4460	6490	2840	2435	16225	2	1[8]	1[4]	18	9:27:10	+128, +48.5%
17	5710	8310	3635	3115	20770	2	1[9]	1[5]	22	11:02:50	+136, +52.2%
18	7310	10635	4650	3990	26585	2	1[10]	1[5]	27	12:54:00	+144, +56.0%
19	9360	13610	5955	5105	34030	2	1[11]	1[7]	32	15:02:50	+152, +59.9%
20	11980	17420	7620	6535	43555	2	1[12]	1[8]	38	17:32:10	+160, +63.9%

Stonemason's Lodge
1	155	130	125	70	480	2	1[0]	1[0]	1	0:36:40	110%
2	200	165	160	90	615	1	1[0]	1[0]	1	0:52:30	120%
3	255	215	205	115	790	1	1[0]	1[0]	2	1:11:00	130%
4	325	275	260	145	1005	1	1[0]	1[0]	2	1:32:20	140%
5	415	350	335	190	1290	1	1[0]	1[0]	2	1:57:00	150%
6	535	445	430	240	1650	2	1[0]	1[0]	3	2:25:50	160%
7	680	570	550	310	2110	2	1[0]	1[0]	4	2:59:10	170%
8	875	730	705	395	2705	2	1[1]	1[0]	4	3:37:50	180%
9	1115	935	900	505	3455	2	1[1]	1[0]	5	4:22:40	190%
10	1430	1200	1155	645	4430	2	1[2]	1[0]	6	5:14:40	200%
11	1830	1535	1475	825	5665	2	1[3]	1[1]	7	6:15:00	210%
12	2340	1965	1890	1060	7255	2	1[4]	1[1]	9	7:25:00	220%
13	3000	2515	2420	1355	9290	2	1[4]	1[2]	11	8:46:10	230%
14	3840	3220	3095	1735	11890	2	1[5]	1[3]	13	10:20:20	240%
15	4910	4120	3960	2220	15210	2	1[6]	1[3]	15	12:09:40	250%
16	6290	5275	5070	2840	19475	3	1[7]	1[4]	18	14:16:20	260%
17	8050	6750	6490	3635	24925	3	1[9]	1[5]	22	16:43:20	270%
18	10300	8640	8310	4650	31900	3	1[10]	1[6]	27	19:33:50	280%
19	13185	11060	10635	5955	40835	3	1[11]	1[7]	32	22:51:40	290%
20	16880	14155	13610	7620	52265	3	1[12]	1[8]	38	26:41:10	300%

Tournament Square
1	1750	2250	1530	240	5770	1	1[3]	1[0]	1	0:58:20	110%
2	2240	2880	1960	305	7385	1	1[4]	1[0]	1	1:12:40	120%
3	2865	3685	2505	395	9450	1	1[5]	1[0]	2	1:29:20	130%
4	3670	4720	3210	505	12105	1	1[6]	1[0]	2	1:48:30	140%
5	4700	6040	4105	645	15490	1	1[7]	1[0]	2	2:11:00	150%
6	6015	7730	5255	825	19825	1	1[8]	1[1]	3	2:36:50	160%
7	7695	9895	6730	1055	25375	1	1[10]	1[1]	4	3:07:00	170%
8	9850	12665	8615	1350	32480	1	1[11]	1[2]	4	3:42:00	180%
9	12610	16215	11025	1730	41580	1	1[12]	1[3]	5	4:22:30	190%
10	16140	20755	14110	2215	53220	1	1[13]	1[3]	6	5:09:30	200%
11	20660	26565	18065	2835	68125	2	1[15]	1[4]	7	6:04:00	210%
12	26445	34000	23120	3625	87190	2	1[16]	1[5]	9	7:07:10	220%
13	33850	43520	29595	4640	111605	2	1[17]	1[6]	11	8:20:30	230%
14	43330	55705	37880	5940	142855	2	1[19]	1[7]	13	9:45:40	240%
15	55460	71305	48490	7605	182860	2	1[20]	1[8]	15	11:24:20	250%
16	70990	91270	62065	9735	234060	2	2[10]	1[10]	18	13:18:50	260%
17	90865	116825	79440	12460	299590	2	2[16]	1[11]	22	15:31:40	270%
18	116305	149540	101685	15950	383480	2	2[0]	1[12]	27	18:05:40	280%
19	148875	191410	130160	20415	490860	2	3[16]	1[13]	32	21:04:20	290%
20	190560	245005	166600	26135	628300	2	4[7]	1[15]	38	24:31:40	300%

Trapper
1	80	120	70	90	360	4	1[0]	1[0]	1	0:33:20	10
2	100	155	90	115	460	2	1[0]	1[0]	1	0:38:40	22
3	130	195	115	145	585	2	1[0]	1[0]	2	0:44:50	35
4	170	250	145	190	755	2	1[0]	1[0]	2	0:52:00	49
5	215	320	190	240	965	2	1[0]	1[0]	2	1:00:20	64
6	275	410	240	310	1235	3	1[0]	1[0]	3	1:10:00	80
7	350	530	310	395	1585	3	1[0]	1[0]	4	1:21:10	97
8	450	675	395	505	2025	3	1[0]	1[0]	4	1:34:10	115
9	575	865	505	650	2595	3	1[1]	1[0]	5	1:49:20	134
10	740	1105	645	830	3320	3	1[1]	1[1]	6	2:06:50	154
11	945	1415	825	1065	4250	3	1[2]	1[1]	7	2:27:00	175
12	1210	1815	1060	1360	5445	3	1[3]	1[2]	9	2:50:30	196
13	1545	2320	1355	1740	6960	3	1[4]	1[3]	11	3:17:50	218
14	1980	2970	1735	2230	8915	3	1[4]	1[3]	13	3:49:30	241
15	2535	3805	2220	2850	11410	3	1[5]	1[4]	15	4:26:20	265
16	3245	4870	2840	3650	14605	4	1[6]	1[5]	18	5:08:50	290
17	4155	6230	3635	4675	18695	4	1[7]	1[6]	22	5:58:20	316
18	5315	7975	4650	5980	23920	4	1[9]	1[7]	27	6:55:40	343
19	6805	10210	5955	7655	30625	4	1[10]	1[8]	32	8:02:10	371
20	8710	13065	7620	9800	39195	4	1[11]	1[10]	38	9:19:10	400

Workshop
1	460	510	600	320	1890	3	1[0]	1[0]	4	0:50:00	1.0x
2	590	655	770	410	2425	2	1[0]	1[0]	4	1:03:00	1.1x
3	755	835	985	525	3100	2	1[1]	1[0]	5	1:18:00	1.2x
4	965	1070	1260	670	3965	2	1[2]	1[0]	6	1:35:30	1.4x
5	1235	1370	1610	860	5075	2	1[2]	1[1]	7	1:55:50	1.5x
6	1580	1750	2060	1100	6490	2	1[3]	1[1]	9	2:19:20	1.7x
7	2025	2245	2640	1405	8315	2	1[4]	1[2]	11	2:46:40	1.9x
8	2590	2870	3380	1800	10640	2	1[5]	1[3]	13	3:18:20	2.1x
9	3315	3675	4325	2305	13620	2	1[6]	1[4]	15	3:55:10	2.3x
10	4245	4705	5535	2950	17435	2	1[7]	1[4]	19	4:37:40	2.6x
11	5430	6020	7085	3780	22315	3	1[8]	1[5]	22	5:27:10	2.9x
12	6950	7705	9065	4835	28555	3	1[9]	1[6]	27	6:24:30	3.2x
13	8900	9865	11605	6190	36560	3	1[10]	1[7]	32	7:31:00	3.5x
14	11390	12625	14855	7925	46795	3	1[12]	1[9]	39	8:48:10	3.9x
15	14580	16165	19015	10140	59900	3	1[13]	1[10]	46	10:17:40	4.4x
16	18660	20690	24340	12980	76670	3	1[14]	1[11]	55	12:01:30	4.9x
17	23885	26480	31155	16615	98135	3	1[15]	1[12]	67	14:02:00	5.4x
18	30570	33895	39875	21270	125610	3	1[17]	1[13]	80	16:21:40	6.0x
19	39130	43385	51040	27225	160780	3	1[18]	1[15]	96	19:03:50	6.7x
20	50090	55535	65335	34845	205805	3	1[19]	1[16]	115	22:11:50	7.4x

Brewery
1	1460	930	1250	1740	5380	6	1[2]	1[3]	5	2:13:20	101%
2	2045	1300	1750	2435	7530	3	1[3]	1[4]	6	2:44:40	102%
3	2860	1825	2450	3410	10545	3	1[4]	1[5]	7	3:21:00	103%
4	4005	2550	3430	4775	14760	3	1[6]	1[6]	8	4:03:10	104%
5	5610	3575	4800	6685	20670	3	1[7]	1[8]	10	4:52:10	105%
6	7850	5000	6725	9360	28935	4	1[9]	1[9]	12	5:48:50	106%
7	10995	7000	9410	13100	40505	4	1[10]	1[11]	14	6:54:40	107%
8	15390	9805	13175	18340	56710	4	1[12]	1[13]	17	8:11:00	108%
9	21545	13725	18445	25680	79395	4	1[14]	1[14]	21	9:39:30	109%
10	30165	19215	25825	35950	111155	4	1[15]	1[16]	25	11:22:10	110%

Command Center
1	1600	1250	1050	200	4100	1	1[2]	1[0]	2	0:41:40	2
2	1950	1525	1280	245	5000	1	1[3]	1[0]	3	0:53:20	8
3	2380	1860	1565	300	6105	1	1[4]	1[0]	3	1:06:50	18
4	2905	2270	1905	365	7445	1	1[4]	1[0]	4	1:22:30	32
5	3545	2770	2325	445	9085	1	1[5]	1[0]	5	1:40:50	50
6	4325	3380	2840	540	11085	1	1[6]	1[0]	6	2:01:50	72
7	5275	4120	3460	660	13515	1	1[7]	1[0]	7	2:26:20	98
8	6435	5030	4225	805	16495	1	1[8]	1[1]	9	2:54:50	128
9	7850	6135	5155	980	20120	1	1[9]	1[1]	10	3:27:50	162
10	9580	7485	6285	1195	24545	1	1[9]	1[1]	12	4:06:00	200
11	11685	9130	7670	1460	29945	2	1[10]	1[2]	15	4:50:30	242
12	14260	11140	9355	1780	36535	2	1[11]	1[3]	18	5:41:50	288
13	17395	13590	11415	2175	44575	2	1[12]	1[3]	21	6:41:40	338
14	21225	16580	13925	2655	54385	2	1[13]	1[4]	26	7:50:50	392
15	25890	20230	16990	3235	66345	2	1[14]	1[5]	31	9:11:10	450
16	31590	24680	20730	3950	80950	2	1[16]	1[5]	37	10:44:20	512
17	38535	30105	25290	4815	98745	2	1[17]	1[6]	44	12:32:30	578
18	47015	36730	30855	5875	120475	2	1[18]	1[7]	53	14:37:50	648
19	57360	44810	37640	7170	146980	2	1[19]	1[8]	64	17:03:20	722
20	69975	54670	45925	8745	179315	2	1[20]	1[9]	77	19:52:00	800

Cranny
1	40	50	30	10	130	0	1[0]	1[0]	1	0:05:00	200
2	50	65	40	15	170	0	1[0]	1[0]	1	0:10:50	260
3	65	80	50	15	210	0	1[0]	1[0]	2	0:17:30	340
4	85	105	65	20	275	0	1[0]	1[0]	2	0:25:20	440
5	105	135	80	25	345	0	1[0]	1[0]	2	0:34:20	560
6	135	170	105	35	445	1	1[0]	1[0]	3	0:44:50	720
7	175	220	130	45	570	1	1[0]	1[0]	4	0:57:00	920
8	225	280	170	55	730	1	1[0]	1[0]	4	1:11:10	1200
9	290	360	215	70	935	1	1[0]	1[0]	5	1:27:40	1540
10	370	460	275	90	1195	1	1[0]	1[0]	6	1:46:40	2000

Embassy
1	180	130	150	80	540	3	1[0]	1[0]	5	0:33:20	0
2	230	165	190	100	685	2	1[0]	1[0]	6	0:43:40	0
3	295	215	245	130	885	2	1[0]	1[0]	7	0:55:40	9
4	375	275	315	170	1135	2	1[0]	1[0]	8	1:09:30	12
5	485	350	405	215	1455	2	1[0]	1[0]	10	1:25:40	15
6	620	445	515	275	1855	2	1[0]	1[0]	12	1:44:20	18
7	790	570	660	350	2370	2	1[0]	1[0]	14	2:06:10	21
8	1015	730	845	450	3040	2	1[1]	1[0]	17	2:31:20	24
9	1295	935	1080	575	3885	2	1[2]	1[0]	21	3:00:30	27
10	1660	1200	1385	740	4985	2	1[2]	1[0]	25	3:34:20	30
11	2125	1535	1770	945	6375	3	1[3]	1[1]	30	4:13:40	33
12	2720	1965	2265	1210	8160	3	1[4]	1[2]	36	4:59:10	36
13	3480	2515	2900	1545	10440	3	1[5]	1[2]	43	5:52:10	39
14	4455	3220	3715	1980	13370	3	1[6]	1[3]	51	6:53:30	42
15	5705	4120	4755	2535	17115	3	1[7]	1[4]	62	8:04:40	45
16	7300	5275	6085	3245	21905	3	1[8]	1[5]	74	9:27:10	48
17	9345	6750	7790	4155	28040	3	1[9]	1[6]	89	11:02:50	51
18	11965	8640	9970	5315	35890	3	1[11]	1[7]	106	12:54:00	54
19	15315	11060	12760	6805	45940	3	1[12]	1[8]	128	15:02:50	57
20	19600	14155	16335	8710	58800	3	1[13]	1[9]	153	17:32:10	60

Horse Drinking Trough
1	780	420	660	540	2400	5	1[0]	1[0]	4	0:36:40	1.01x
2	1000	540	845	690	3075	3	1[1]	1[0]	4	0:52:30	1.02x
3	1280	690	1080	885	3935	3	1[2]	1[1]	5	1:11:00	1.03x
4	1635	880	1385	1130	5030	3	1[2]	1[1]	6	1:32:20	1.04x
5	2095	1125	1770	1450	6440	3	1[3]	1[2]	7	1:57:00	1.05x
6	2680	1445	2270	1855	8250	3	1[4]	1[3]	9	2:25:50	1.06x
7	3430	1845	2905	2375	10555	3	1[5]	1[4]	11	2:59:10	1.08x
8	4390	2365	3715	3040	13510	3	1[6]	1[4]	13	3:37:50	1.09x
9	5620	3025	4755	3890	17290	3	1[7]	1[5]	15	4:22:40	1.10x
10	7195	3875	6085	4980	22135	3	1[8]	1[6]	19	5:14:40	1.11x
11	9210	4960	7790	6375	28335	4	1[9]	1[8]	22	6:15:00	1.12x
12	11785	6345	9975	8160	36265	4	1[10]	1[9]	27	7:25:00	1.14x
13	15085	8125	12765	10445	46420	4	1[12]	1[10]	32	8:46:10	1.15x
14	19310	10400	16340	13370	59420	4	1[13]	1[11]	39	10:20:20	1.16x
15	24720	13310	20915	17115	76060	4	1[14]	1[12]	46	12:09:40	1.18x
16	31640	17035	26775	21905	97355	4	1[16]	1[14]	55	14:16:20	1.19x
17	40500	21810	34270	28040	124620	4	1[17]	1[15]	67	16:43:20	1.20x
18	51840	27915	43865	35890	159510	4	1[18]	1[16]	80	19:33:50	1.22x
19	66355	35730	56145	45940	204170	4	1[19]	1[18]	96	22:51:40	1.23x
20	84935	45735	71870	58800	261340	4	2[6]	1[19]	115	26:41:10	1.25x

Main Building
1	70	40	60	20	190	2	1[0]	1[0]	2	0:41:40	100%
2	90	50	75	25	240	1	1[0]	1[0]	3	0:43:40	104%
3	115	65	100	35	315	1	1[0]	1[0]	3	0:53:40	108%
4	145	85	125	40	395	1	1[0]	1[0]	4	1:04:40	112%
5	190	105	160	55	510	1	1[0]	1[0]	5	1:16:50	116%
6	240	135	205	70	650	2	1[0]	1[0]	6	1:30:10	120%
7	310	175	265	90	840	2	1[0]	1[0]	7	1:45:00	125%
8	395	225	340	115	1075	2	1[0]	1[0]	9	2:01:20	129%
9	505	290	430	145	1370	2	1[0]	1[0]	10	2:19:40	134%
10	645	370	555	185	1755	2	1[0]	1[0]	12	2:39:50	139%
11	825	470	710	235	2240	2	1[1]	1[0]	15	3:02:20	144%
12	1060	605	905	300	2870	2	1[1]	1[0]	18	3:27:20	150%
13	1355	775	1160	385	3675	2	1[2]	1[0]	21	3:55:20	155%
14	1735	990	1485	495	4705	2	1[3]	1[0]	26	4:26:20	161%
15	2220	1270	1900	635	6025	2	1[3]	1[0]	31	5:00:50	167%
16	2840	1625	2435	810	7710	3	1[4]	1[1]	37	5:39:30	173%
17	3635	2075	3115	1040	9865	3	1[5]	1[1]	44	6:22:30	180%
18	4650	2660	3990	1330	12630	3	1[6]	1[2]	53	7:10:30	187%
19	5955	3405	5105	1700	16165	3	1[7]	1[2]	64	8:04:00	193%
20	7620	4355	6535	2180	20690	3	1[8]	1[3]	77	9:03:50	201%

Marketplace
1	80	70	120	70	340	4	1[0]	1[0]	4	0:30:00	1
2	100	90	155	90	435	2	1[0]	1[0]	4	0:39:50	2
3	130	115	195	115	555	2	1[0]	1[0]	5	0:51:10	3
4	170	145	250	145	710	2	1[0]	1[0]	6	1:04:20	4
5	215	190	320	190	915	2	1[0]	1[0]	7	1:19:40	5
6	275	240	410	240	1165	3	1[0]	1[0]	9	1:37:20	6
7	350	310	530	310	1500	3	1[0]	1[0]	11	1:58:00	7
8	450	395	675	395	1915	3	1[0]	1[0]	13	2:21:50	8
9	575	505	865	505	2450	3	1[1]	1[0]	15	2:49:30	9
10	740	645	1105	645	3135	3	1[1]	1[0]	19	3:21:40	10
11	945	825	1415	825	4010	3	1[2]	1[1]	22	3:59:00	11
12	1210	1060	1815	1060	5145	3	1[3]	1[1]	27	4:42:10	12
13	1545	1355	2320	1355	6575	3	1[4]	1[2]	32	5:32:20	13
14	1980	1735	2970	1735	8420	3	1[4]	1[3]	39	6:30:30	14
15	2535	2220	3805	2220	10780	3	1[5]	1[3]	46	7:38:00	15
16	3245	2840	4870	2840	13795	4	1[6]	1[4]	55	8:56:20	16
17	4155	3635	6230	3635	17655	4	1[7]	1[5]	67	10:27:00	17
18	5315	4650	7975	4650	22590	4	1[9]	1[6]	80	12:12:20	18
19	6805	5955	10210	5955	28925	4	1[10]	1[7]	96	14:14:30	19
20	8710	7620	13065	7620	37015	4	1[11]	1[8]	115	16:36:20	20

Palace
1	550	800	750	250	2350	1	1[0]	1[0]	6	1:23:20	2
2	705	1025	960	320	3010	1	1[1]	1[0]	7	1:41:40	8
3	900	1310	1230	410	3850	1	1[2]	1[0]	9	2:03:00	18
4	1155	1680	1575	525	4935	1	1[2]	1[0]	10	2:27:40	32
5	1475	2145	2015	670	6305	1	1[3]	1[0]	12	2:56:10	50
6	1890	2750	2575	860	8075	1	1[4]	1[1]	15	3:29:20	72
7	2420	3520	3300	1100	10340	1	1[5]	1[1]	18	4:08:00	98
8	3095	4505	4220	1405	13225	1	1[6]	1[2]	21	4:52:40	128
9	3965	5765	5405	1800	16935	1	1[7]	1[3]	26	5:44:20	162
10	5075	7380	6920	2305	21680	1	1[8]	1[4]	31	6:44:30	200
11	6495	9445	8855	2950	27745	2	1[9]	1[4]	37	7:54:10	242
12	8310	12090	11335	3780	35515	2	1[11]	1[5]	45	9:15:10	288
13	10640	15475	14505	4835	45455	2	1[12]	1[6]	53	10:49:00	338
14	13615	19805	18570	6190	58180	2	1[13]	1[7]	64	12:37:40	392
15	17430	25355	23770	7925	74480	2	1[14]	1[9]	77	14:44:00	450
16	22310	32450	30425	10140	95325	2	1[16]	1[10]	92	17:10:30	512
17	28560	41540	38940	12980	122020	2	1[17]	1[11]	111	20:00:20	578
18	36555	53170	49845	16615	156185	2	1[18]	1[12]	133	23:17:20	648
19	46790	68055	63805	21270	199920	2	1[20]	1[13]	160	27:05:50	722
20	59890	87110	81670	27225	255895	2	2[8]	1[15]	192	31:31:00	800

Residence
1	580	460	350	180	1570	1	1[0]	1[0]	2	0:33:20	2
2	740	590	450	230	2010	1	1[0]	1[0]	3	0:43:40	8
3	950	755	575	295	2575	1	1[1]	1[0]	3	0:55:40	18
4	1215	965	735	375	3290	1	1[2]	1[0]	4	1:09:30	32
5	1555	1235	940	485	4215	1	1[2]	1[0]	5	1:25:40	50
6	1995	1580	1205	620	5400	1	1[3]	1[0]	6	1:44:20	72
7	2550	2025	1540	790	6905	1	1[4]	1[0]	7	2:06:10	98
8	3265	2590	1970	1015	8840	1	1[5]	1[1]	9	2:31:20	128
9	4180	3315	2520	1295	11310	1	1[6]	1[2]	10	3:00:30	162
10	5350	4245	3230	1660	14485	1	1[7]	1[2]	12	3:34:20	200
11	6845	5430	4130	2125	18530	2	1[8]	1[3]	15	4:13:40	242
12	8765	6950	5290	2720	23725	2	1[9]	1[4]	18	4:59:10	288
13	11220	8900	6770	3480	30370	2	1[10]	1[5]	21	5:52:10	338
14	14360	11390	8665	4455	38870	2	1[11]	1[6]	26	6:53:30	392
15	18380	14580	11090	5705	49755	2	1[13]	1[7]	31	8:04:40	450
16	23530	18660	14200	7300	63690	2	1[14]	1[8]	37	9:27:10	512
17	30115	23885	18175	9345	81520	2	1[15]	1[9]	44	11:02:50	578
18	38550	30570	23260	11965	104345	2	1[17]	1[11]	53	12:54:00	648
19	49340	39130	29775	15315	133560	2	1[18]	1[12]	64	15:02:50	722
20	63155	50090	38110	19600	170955	2	1[19]	1[13]	77	17:32:10	800

Town Hall
1	1250	1110	1260	600	4220	4	1[2]	1[0]	6	3:28:20	
2	1600	1420	1615	770	5405	2	1[2]	1[0]	7	4:06:40	
3	2050	1820	2065	985	6920	2	1[3]	1[1]	9	4:51:10	
4	2620	2330	2640	1260	8850	2	1[4]	1[2]	10	5:42:40	
5	3355	2980	3380	1610	11325	2	1[5]	1[2]	12	6:42:30	
6	4295	3815	4330	2060	14500	3	1[6]	1[3]	15	7:52:00	
7	5500	4880	5540	2640	18560	3	1[7]	1[4]	18	9:12:30	
8	7035	6250	7095	3380	23760	3	1[8]	1[5]	21	10:45:50	
9	9005	8000	9080	4325	30410	3	1[9]	1[6]	26	12:34:10	
10	11530	10240	11620	5535	38925	3	1[10]	1[7]	31	14:39:50	
11	14755	13105	14875	7085	49820	3	1[12]	1[8]	37	17:05:40	
12	18890	16775	19040	9065	63770	3	1[13]	1[9]	45	19:54:50	
13	24180	21470	24370	11605	81625	3	1[14]	1[10]	53	23:11:00	
14	30950	27480	31195	14855	104480	3	1[15]	1[12]	64	26:58:30	
15	39615	35175	39930	19015	133735	3	1[17]	1[13]	77	31:22:30	
16	50705	45025	51110	24340	171180	4	1[18]	1[14]	92	36:28:40	
17	64905	57635	65425	31155	219120	4	1[19]	1[15]	111	42:23:50	
18	83075	73770	83740	39875	280460	4	2[5]	1[17]	133	49:15:50	
19	106340	94430	107190	51040	359000	4	2[15]	1[18]	160	57:13:40	
20	136115	120870	137200	65335	459520	4	2[19]	1[19]	192	66:28:10

Trade Office
1	1400	1330	1200	400	4330	3	1[2]	1[0]	4	0:50:00	110%
2	1790	1700	1535	510	5535	2	1[3]	1[0]	4	1:03:00	120%
3	2295	2180	1965	655	7095	2	1[3]	1[0]	5	1:18:00	130%
4	2935	2790	2515	840	9080	2	1[4]	1[1]	6	1:35:30	140%
5	3760	3570	3220	1075	11625	2	1[5]	1[1]	7	1:55:50	150%
6	4810	4570	4125	1375	14880	2	1[6]	1[2]	9	2:19:20	160%
7	6155	5850	5280	1760	19045	2	1[7]	1[3]	11	2:46:40	170%
8	7880	7485	6755	2250	24370	2	1[9]	1[3]	13	3:18:20	180%
9	10090	9585	8645	2880	31200	2	1[10]	1[4]	15	3:55:10	190%
10	12915	12265	11070	3690	39940	2	1[11]	1[5]	19	4:37:40	200%
11	16530	15700	14165	4720	51115	3	1[12]	1[6]	22	5:27:10	210%
12	21155	20100	18135	6045	65435	3	1[13]	1[7]	27	6:24:30	220%
13	27080	25725	23210	7735	83750	3	1[15]	1[8]	32	7:31:00	230%
14	34660	32930	29710	9905	107205	3	1[16]	1[10]	39	8:48:10	240%
15	44370	42150	38030	12675	137225	3	1[17]	1[11]	46	10:17:40	250%
16	56790	53950	48680	16225	175645	3	1[19]	1[12]	55	12:01:30	260%
17	72690	69060	62310	20770	224830	3	1[20]	1[13]	67	14:02:00	270%
18	93045	88395	79755	26585	287780	3	2[11]	1[15]	80	16:21:40	280%
19	119100	113145	102085	34030	368360	3	2[17]	1[16]	96	19:03:50	290%
20	152445	144825	130670	43555	471495	3	2[0]	1[17]	115	22:11:50	300%

Treasury
1	2880	2740	2580	990	9190	4	1[4]	1[1]	7	2:13:20	
2	3630	3450	3250	1245	11575	2	1[5]	1[2]	9	2:39:40	
3	4570	4350	4095	1570	14585	2	1[6]	1[2]	10	3:10:10	
4	5760	5480	5160	1980	18380	2	1[7]	1[3]	12	3:45:40	
5	7260	6905	6505	2495	23165	2	1[8]	1[4]	15	4:26:50	
6	9145	8700	8195	3145	29185	3	1[9]	1[5]	18	5:14:30	
7	11525	10965	10325	3960	36775	3	1[10]	1[5]	21	6:09:40	
8	14520	13815	13010	4990	46335	3	1[12]	1[6]	26	7:13:50	
9	18295	17405	16390	6290	58380	3	1[13]	1[7]	31	8:28:20	
10	23055	21930	20650	7925	73560	3	1[14]	1[9]	37	9:54:40	
11	29045	27635	26020	9985	92685	3	1[15]	1[10]	45	11:34:50	
12	36600	34820	32785	12580	116785	3	1[16]	1[11]	53	13:31:00	
13	46115	43875	41310	15850	147150	3	1[18]	1[12]	64	15:45:40	
14	58105	55280	52050	19975	185410	3	1[19]	1[13]	77	18:22:00	
15	73210	69655	65585	25165	233615	3	1[20]	1[14]	92	21:23:20	
16	92245	87760	82640	31710	294355	4	2[11]	1[16]	111	24:53:40	
17	116230	110580	104125	39955	370890	4	2[16]	1[17]	133	28:57:40	
18	146450	139330	131195	50340	467315	4	2[0]	1[18]	160	33:40:40	
19	184530	175560	165305	63430	588825	4	3[14]	1[19]	192	39:09:00	
20	232505	221205	208285	79925	741920	4	3[0]	1[20]	230	45:29:50	